0.0 0.0 0.0 0.0 0.0 0.0 0.0 0.0 0.0 0.0 0.0 0.0 0.0 0.0 0.0 0.0 0.0 0.0 0.0 0.0 0.0 0.0 0.0 0.0 0.0 0.0 0.0 0.0 0.0 0.0 0.0 0.0 0.0 0.0 0.0 0.0 0.0 0.0 0.0 0.0 0.0 0.0 0.0 0.0 0.0 0.0 0.0 0.0 0.0 0.0 
0.0 0.0 0.0 0.0 0.0 0.0 0.0 0.0 0.0 0.0 0.0 0.0 0.0 0.0 0.0 0.0 0.0 0.0 0.0 0.0 0.0 0.0 0.0 0.0 0.0 0.0 0.0 0.0 0.0 0.0 0.0 0.0 0.0 0.0 0.0 0.0 -0.0026825605690747041 -0.0026825605690747041 -0.0026825605690747041 -0.0026825605690747041 -0.0026825605690747041 0.0 0.0 0.0 0.0 0.0 0.0 0.0 0.0 0.0 
0.0 0.0 0.0 0.0 0.0 0.0 0.0 0.0 0.0 0.0 0.0 0.0 0.0 0.0 0.0 0.0 0.0 0.0 0.0 0.0 0.0 0.0 0.0 0.0 0.0 0.0 0.0 0.0 0.0 0.0 0.0 0.0 0.0 0.0 0.0 0.0 -0.0026825605690747041 -0.0080476817072241118 -0.0080476817072241118 -0.0080476817072241118 -0.0080476817072241118 -0.0053651211381494082 0.0 0.0 0.0 0.0 0.0 0.0 0.0 0.0 
0.0 0.0 0.0 0.0 0.0 0.0 0.0 0.0 0.0 0.0 0.0 0.0 0.0 0.0 0.0 0.0 0.0 0.0 0.0 0.0 0.0 0.0 0.0 0.0 0.0 0.0 0.0 0.0 0.0 0.0 0.0 0.0 0.0 0.0 0.0 0.0 -0.0026825605690747041 -0.0080476817072241118 -0.010730242276298816 -0.010730242276298816 -0.010730242276298816 -0.0080476817072241118 -0.0026825605690747041 0.0 0.0 0.0 0.0 0.0 0.0 0.0 
0.0 0.0 0.0 0.0 0.0 0.0 0.0 0.0 0.0 0.0 0.0 0.0 0.0 0.0 0.0 0.0 0.0 0.0 0.0 0.0 0.0 0.0 0.0 0.0 0.0 0.0 0.0 0.0 0.0 0.0 0.0 0.0 0.0 0.0 0.0 0.0 -0.0026825605690747041 -0.0080476817072241118 -0.010730242276298816 -0.016095363414448224 -0.016095363414448224 -0.013412802845373521 -0.0080476817072241118 -0.0053651211381494082 0.0 0.0 0.0 0.0 0.0 0.0 
0.0 0.0 0.0 0.0 0.0 0.0 0.0 0.0 0.0 0.0 0.0 0.0 0.0 0.0 0.0 0.0 0.0 0.0 0.0 0.0 0.0 0.0 0.0 0.0 0.0 0.0 0.0 0.0 0.0 0.0 0.0 0.0 0.0 0.0 0.0 0.0 -0.0026825605690747041 -0.0080476817072241118 -0.010730242276298816 -0.016095363414448224 -0.029095410996267761 -0.026412850427193057 -0.021047729289043648 -0.018365168719968943 -0.013000047581819534 0.0 0.0 0.0 0.0 0.0 
0.0 0.0 0.0 0.0 0.0 0.0 0.0 0.0 0.0 0.0 0.0 0.0 0.0 0.0 0.0 0.0 0.0 0.0 0.0 0.0 0.0 0.0 0.0 0.0 0.0 0.0 0.0 0.0 0.0 0.0 0.0 0.0 0.0 0.0 0.0 0.0 0.0 -0.0053651211381494082 -0.0080476817072241118 -0.013412802845373521 -0.026412850427193057 -0.034047776870863182 -0.028682655732713773 -0.026000095163639068 -0.020634974025489659 -0.007634926443670126 0.0 0.0 0.0 0.0 
0.0 0.0 0.0 0.0 0.0 0.0 0.0 0.0 0.0 0.0 0.0 0.0 0.0 0.0 0.0 0.0 0.0 0.0 0.0 0.0 0.0 0.0 0.0 0.0 0.0 0.0 0.0 0.0 0.0 0.0 0.0 0.0 0.0 0.0 0.0 0.0 0.0 0.0 -0.0026825605690747041 -0.0080476817072241118 -0.021047729289043648 -0.028682655732713773 -0.04395250862005403 -0.041269948050979326 -0.03590482691282991 -0.022904779331010379 -0.015269852887340252 0.0 0.0 0.0 
0.0 0.0 0.0 0.0 0.0 0.0 0.0 0.0 0.0 0.0 0.0 0.0 0.0 0.0 0.0 0.0 0.0 0.0 0.0 0.0 0.0 0.0 0.0 0.0 0.0 0.0 0.0 0.0 0.0 0.0 0.0 0.0 0.0 0.0 0.0 0.0 0.0 0.0 0.0 -0.0053651211381494082 -0.018365168719968943 -0.026000095163639068 -0.041269948050979326 -0.048904874494649454 -0.043539753356500038 -0.030539705774680504 -0.022904779331010379 -0.007634926443670126 0.0 0.0 
-0.012448679327563404 -0.012448679327563404 -0.012448679327563404 -0.012448679327563404 0.0 0.0 0.0 0.0 0.0 0.0 0.0 0.0 0.0 0.0 0.0 0.0 0.0 0.0 0.0 0.0 0.0 0.0 0.0 0.0 0.0 0.0 0.0 0.0 0.0 0.0 0.0 0.0 0.0 0.0 0.0 0.0 0.0 0.0 0.0 0.0 -0.013000047581819534 -0.020634974025489659 -0.03590482691282991 -0.043539753356500038 -0.058809606243840296 -0.045809558662020758 -0.038174632218350629 -0.022904779331010379 -0.015269852887340252 0.0 
-0.037346037982690213 -0.037346037982690213 -0.037346037982690213 -0.037346037982690213 -0.024897358655126808 0.0 0.0 0.0 0.0 0.0 0.0 0.0 0.0 0.0 0.0 0.0 0.0 0.0 0.0 0.0 0.0 0.0 0.0 0.0 0.0 0.010598627763325711 0.010598627763325711 0.010598627763325711 0.010598627763325711 0.010598627763325711 0.0 0.0 0.0 0.0 0.0 0.0 0.0 0.0 0.0 0.0 0.0 -0.007634926443670126 -0.022904779331010379 -0.030539705774680504 -0.045809558662020758 -0.053444485105690887 -0.045809558662020758 -0.030539705774680504 -0.022904779331010379 -0.007634926443670126 
-0.037346037982690213 -0.049794717310253617 -0.049794717310253617 -0.049794717310253617 -0.037346037982690213 -0.012448679327563404 0.0 0.0 0.0 0.0 0.0 0.0036086446996087401 0.0036086446996087401 0.0036086446996087401 0.0036086446996087401 0.0036086446996087401 0.0 0.0 0.0 0.0 0.0 0.0 0.0 0.0 0.0 0.010598627763325711 0.021197255526651422 0.021197255526651422 0.021197255526651422 0.021197255526651422 0.010598627763325711 0.0 0.0 0.0 0.0 0.0 0.0 0.0 0.0 0.0 0.0 0.0 -0.015269852887340252 -0.022904779331010379 -0.038174632218350629 -0.045809558662020758 -0.045809558662020758 -0.030539705774680504 -0.022904779331010379 -0.007634926443670126 
-0.037346037982690213 -0.049794717310253617 -0.074692075965380425 -0.074692075965380425 -0.062243396637817021 -0.037346037982690213 -0.024897358655126808 0.0 0.0 0.0 0.0 0.0036086446996087401 0.016547530056005913 0.016547530056005913 0.016547530056005913 0.016547530056005913 0.012938885356397173 0.0 0.0 0.0 0.0 0.0 0.0 0.0 0.0 0.010598627763325711 0.021197255526651422 0.042394511053302844 0.042394511053302844 0.042394511053302844 0.031795883289977137 0.021197255526651422 0.0 0.0 0.0 0.0 0.0 0.0 0.0 0.0 0.0 0.0 0.0 -0.007634926443670126 -0.022904779331010379 -0.030539705774680504 -0.030539705774680504 -0.030539705774680504 -0.022904779331010379 -0.007634926443670126 
-0.049794717310253617 -0.062243396637817021 -0.087140755292943822 -0.074692075965380425 -0.062243396637817021 -0.037346037982690213 -0.024897358655126808 0.0 0.0 0.0 0.0 0.0036086446996087401 0.016547530056005913 0.025877770712794346 0.025877770712794346 0.025877770712794346 0.022269126013185606 0.0093302406567884327 0.0 0.0 0.0 0.0 0.0 0.0 0.0 0.010598627763325711 0.021197255526651422 0.042394511053302844 0.052993138816628552 0.052993138816628552 0.042394511053302844 0.031795883289977137 0.010598627763325711 0.0 0.0 0.0 0.0 0.0 0.0 0.0 0.0 0.0 0.0 0.0 -0.015269852887340252 -0.022904779331010379 -0.022904779331010379 -0.022904779331010379 -0.022904779331010379 -0.007634926443670126 
-0.049794717310253617 -0.062243396637817021 -0.087140755292943822 -0.074692075965380425 -0.062243396637817021 -0.037346037982690213 -0.024897358655126808 0.0 0.0 0.0 0.0 0.0036086446996087401 0.016547530056005913 0.025877770712794346 0.047795213542711025 0.047795213542711025 0.044186568843102285 0.031247683486705112 0.021917442829916679 0.0 0.0 0.0 0.0 0.0 0.021197255526651422 0.031795883289977137 0.042394511053302844 0.063591766579954259 0.074190394343279967 0.052993138816628552 0.042394511053302844 0.031795883289977137 0.010598627763325711 0.0 0.0 0.0 0.0 0.0 0.0 0.0 0.0 0.0 0.0 0.0 0.0 -0.007634926443670126 -0.007634926443670126 -0.007634926443670126 -0.007634926443670126 -0.007634926443670126 
-0.024897358655126808 -0.037346037982690213 -0.062243396637817021 -0.049794717310253617 -0.037346037982690213 -0.037346037982690213 -0.024897358655126808 0.0 0.0 0.0 0.0032569615163398138 0.006865606215948554 0.019804491572345727 0.02913473222913416 0.051052175059050839 0.066455694856287897 0.062847050156679157 0.049908164800281977 0.040577924143493545 0.018660481313576865 0.0 0.0 0.0 0.0 0.021197255526651422 0.049663875009060901 0.060262502772386609 0.081459758299038024 0.092058386062363731 0.070861130535712316 0.042394511053302844 0.031795883289977137 0.010598627763325711 0.0 0.0 0.0 0.0 0.0 0.0 0.0 0.0 0.0 0.0 0.0 0.0 0.0 0.0 0.0 0.0 0.0 
-0.024897358655126808 -0.024897358655126808 -0.049794717310253617 -0.037346037982690213 -0.024897358655126808 -0.024897358655126808 -0.024897358655126808 0.0 0.0 0.0 0.0032569615163398138 0.010607038231689413 0.023545923588086586 0.032876164244875022 0.054793607074791695 0.070197126872028753 0.062847050156679157 0.049908164800281977 0.040577924143493545 0.018660481313576865 0.0 0.0 0.0 0.0 0.021197255526651422 0.049663875009060901 0.05859787086860279 0.079795126395254198 0.090393754158579906 0.069196498631928491 0.040729879149519026 0.031795883289977137 0.010598627763325711 0.0 0.0 0.0 0.0 0.0 0.0 0.0 0.0 0.0 0.0 0.0 0.0 0.0 0.0 0.0 0.0 0.0 
-0.024897358655126808 -0.024897358655126808 -0.024897358655126808 -0.012448679327563404 0.0 0.0 0.0 0.0 0.0 0.0 0.0032569615163398138 0.010607038231689413 0.01958559570520892 0.028915836361997353 0.050833279191914021 0.06623679898915108 0.058886722273801484 0.049908164800281977 0.040577924143493545 0.018660481313576865 0.0 0.0 0.012952483299637999 0.012952483299637999 0.034149738826289418 0.062616358308698897 0.071550354168240779 0.076465862587686562 0.087064490351012255 0.065867234824360854 0.037400615341951375 0.028466619482409486 0.010598627763325711 0.0 0.0 0.0 0.0 0.0 0.0 0.0 0.0 0.0 0.0 0.0 0.0 0.0 0.0 0.0 0.0 0.0 
-0.012448679327563404 -0.012448679327563404 -0.012448679327563404 -0.012448679327563404 0.0 0.0 0.0 0.0 0.0 0.0 0.0032569615163398138 0.010607038231689413 0.01958559570520892 0.021214076463378827 0.043131519293295506 0.058535039090532551 0.051184962375182955 0.042206404901663455 0.040577924143493545 0.018660481313576865 0.0 0.0 0.012952483299637999 0.022654601984683317 0.043851857511334739 0.072318476993744218 0.081252472853286101 0.086167981272731869 0.085399858447228444 0.064202602920577043 0.03573598343816755 0.026801987578625661 0.0089339958595418874 0.0 0.0 0.0 0.0 0.0 0.0 0.0 0.0 0.0 0.0 0.0 0.0 0.0 0.0 0.0 0.0 0.0 
0.0 0.0 0.0 0.0 0.0 0.0 0.0 0.0 0.0 0.0 0.0032569615163398138 0.010607038231689413 0.01958559570520892 0.021214076463378827 0.021214076463378827 0.036617596260615878 0.029267519545266279 0.020288962071746772 0.018660481313576865 0.018660481313576865 0.0 0.0 0.012952483299637999 0.022654601984683317 0.059926831073857732 0.088393450556267211 0.097327446415809094 0.10224295483525486 0.10147483200975142 0.064202602920577043 0.03573598343816755 0.026801987578625661 0.0089339958595418874 0.0 0.0 0.0 0.0 0.0 0.0 0.0 0.0 0.0 0.0 0.0 0.0 0.0 0.0 0.0 0.0 0.0 
0.0 0.0 0.0 0.0 0.0 0.0 0.0 0.0 0.0 0.0 0.0 0.0073500767153495995 0.016328634188869106 0.017957114947039013 0.017957114947039013 0.017957114947039013 0.010607038231689413 0.0016284807581699069 0.0 0.0 0.0032503646145926805 0.0032503646145926805 0.01620284791423068 0.025904966599275998 0.063177195688450413 0.076080703829355681 0.085014699688897563 0.089930208108343332 0.089162085282839906 0.051889856193665512 0.03573598343816755 0.026801987578625661 0.0089339958595418874 0.0 0.0 0.0 0.0 0.0 0.0 0.0 0.0 0.0 0.0 0.0 0.0 0.0 0.0 0.0 0.0 0.0 
0.0 0.0 0.0 0.0 0.0 0.0 0.0 0.0 0.0 0.0 0.0 0.0 0.0089785574735195064 0.010607038231689413 0.010607038231689413 0.010607038231689413 0.010607038231689413 0.0016284807581699069 0.0 0.0 0.0032503646145926805 0.012952483299637999 0.025904966599275998 0.035607085284321313 0.072879314373495735 0.085782822514401003 0.076080703829355681 0.08099621224880145 0.080228089423298024 0.042955860334123623 0.026801987578625661 0.026801987578625661 0.0089339958595418874 0.0 0.0 0.0 0.0 0.0 0.0 0.0 0.0 0.0 0.0 0.0 0.0 0.0 0.0 0.0 0.0 0.0 
0.0 0.0 0.0 0.0 0.0 0.0 0.0 0.0 0.0 0.0 0.0 0.0 0.0 0.0016284807581699069 0.0016284807581699069 0.0016284807581699069 0.0016284807581699069 0.0022229352287305446 0.00059445447056063788 0.00059445447056063788 0.0038448190851533182 0.013546937770198636 0.019404237370090636 0.029106356055135955 0.066378585144310373 0.079282093285215641 0.069579974600170319 0.063128220529717685 0.062360097704214253 0.025087868615039845 0.0089339958595418874 0.0089339958595418874 0.0089339958595418874 0.0 0.0 0.0 0.0 0.0 0.0 0.0 0.0 0.0 0.0 0.0 0.0 0.0 0.0 0.0 0.0 0.0 
0.0 0.0 0.0 0.0 0.0 0.0 0.0 0.0 0.0 0.0 0.0 0.0 0.0 0.0 0.0 0.0 0.0 0.00059445447056063788 0.00089168170584095683 0.00089168170584095683 0.004142046320433637 0.013844165005478956 0.019701464605370957 0.019404237370090636 0.056676466459265051 0.069579974600170319 0.059877855915125004 0.053426101844672363 0.053426101844672363 0.016153872755497956 0.0 0.0 0.0 0.0 0.0 0.0 0.0 0.0 0.0 0.0 0.0 0.0 0.0 0.0 0.0 0.0 0.0 0.0 0.0 0.0 
0.0 0.0 0.0 0.0 0.0 0.0 0.0 0.0 0.0 0.0 0.0 0.0 0.0 0.0 0.0 0.0 0.0 0.00059445447056063788 0.00089168170584095683 -0.002670079885343899 0.00058028472924878194 0.0102824034142941 0.016139703014186102 0.015842475778905782 0.019404237370090636 0.032307745510995911 0.022605626825950593 0.016153872755497956 0.016153872755497956 0.016153872755497956 0.0 0.0 0.0 0.0 0.0 0.0 0.0 0.0 0.0 0.0 0.0 0.0 0.0 0.0 0.0 0.0 0.0 0.0 0.0 0.0 
0.0 0.0 0.0 0.0 0.0 0.0 0.0 0.0 0.0 0.0 0.0 0.0 0.0 0.0 0.0 0.00029722723528031894 0.00029722723528031894 0.00089168170584095683 0.0011889089411212758 -0.0023728526500635802 -0.010685284773554569 -0.00098316608850925087 0.0048741335113827505 0.0045769062761024321 0.0081386678672872893 0.016153872755497956 0.0064517540704526382 0.0 0.0 0.0 -0.016442674436041815 -0.016442674436041815 -0.016442674436041815 -0.016442674436041815 -0.016442674436041815 0.0 0.0 0.0 0.0 0.0 0.0 0.0 0.0 0.0 0.0 0.0 0.0 0.0 0.0 0.0 
0.0 0.0 0.0 0.0 0.0 0.0 0.0 0.0 0.0 0.0 0.0 0.0 0.0 0.0 0.0 0.00029722723528031894 0.00059445447056063788 0.0011889089411212758 0.0014861361764015946 -0.0020756254147832613 -0.010388057538274251 -0.014841500835300062 -0.0089842012354080618 -0.0092814284706883785 -0.0057196668795035229 0.002295538008707145 0.0064517540704526382 0.0 0.0 0.0 -0.016442674436041815 -0.02466401165406272 -0.02466401165406272 -0.02466401165406272 -0.02466401165406272 -0.0082213372180209073 0.0 0.0 0.0 0.0 0.0 0.0 0.0 0.0 0.0 0.0 0.0 0.0 0.0 0.0 
0.0 0.0 0.0 0.0 0.0 0.0 0.0 0.0 0.0 0.0 0.0 0.0 0.0 0.0 0.0 0.00029722723528031894 0.00059445447056063788 0.00059445447056063788 0.00089168170584095683 -0.002670079885343899 -0.010982512008834888 -0.015435955305860699 -0.023748387429351689 -0.024045614664632009 -0.020483853073447147 -0.01246864818523648 -0.0083124321234909863 0.0 0.0 0.0 -0.016442674436041815 -0.02466401165406272 -0.041106686090104538 -0.041106686090104538 -0.041106686090104538 -0.02466401165406272 -0.016442674436041815 0.0 0.0 0.0 0.0 0.0 0.0 0.0 0.0 0.0 0.0 0.0 0.0 0.0 
0.0 0.0 0.0 0.0 0.0 0.0 0.0 0.0 0.0 0.0 0.0 0.0 0.0 0.0 0.0 0.00029722723528031894 0.00059445447056063788 0.00059445447056063788 0.00059445447056063788 -0.0029673071206242178 -0.011279739244115206 -0.015733182541141019 -0.024045614664632009 -0.028201830726377504 -0.024640069135192642 -0.016624864246981973 -0.01246864818523648 -0.0041562160617454932 -0.0082213372180209073 -0.0082213372180209073 -0.02466401165406272 -0.032885348872083629 -0.049328023308125447 -0.041106686090104538 -0.041106686090104538 -0.02466401165406272 -0.016442674436041815 0.0 0.0 0.0 0.0 0.0 0.0 0.0 0.0 0.0 0.0 0.0 0.0 0.0 
0.0 0.0 0.0 0.0 0.0 0.0 0.0 0.0 0.0 0.0 0.0 0.0 0.0 0.0 0.0 0.00029722723528031894 0.00059445447056063788 0.00059445447056063788 0.00059445447056063788 -0.0035617615911848555 -0.011874193714675843 -0.016327637011701653 -0.024640069135192642 -0.028796285196938137 -0.024640069135192642 -0.016624864246981973 -0.01246864818523648 -0.0041562160617454932 -0.0082213372180209073 -0.02466401165406272 -0.041106686090104538 -0.049328023308125447 -0.065770697744167259 -0.057549360526146356 -0.041106686090104538 -0.02466401165406272 -0.016442674436041815 0.0 0.0 0.0 0.0 0.0 0.0 0.0 0.0 0.0 0.0 0.0 0.0 0.0 
0.0 0.0 0.0 0.0 0.0 0.012286607513371701 0.012286607513371701 0.012286607513371701 0.012286607513371701 0.012286607513371701 0.0 0.0 0.0 0.0 0.0 0.0 0.00029722723528031894 0.00029722723528031894 0.00029722723528031894 -0.0038589888264651743 -0.0038589888264651743 -0.0083124321234909863 -0.016624864246981973 -0.020781080308727468 -0.016624864246981973 -0.016624864246981973 -0.01246864818523648 -0.0041562160617454932 -0.0082213372180209073 -0.02466401165406272 -0.02466401165406272 -0.032885348872083629 -0.049328023308125447 -0.041106686090104538 -0.02466401165406272 -0.02466401165406272 -0.016442674436041815 0.0 0.0 0.0 0.0 0.0 0.0 0.0 0.0 0.0 0.0 0.0 0.0 0.0 
0.0 0.012286607513371701 0.012286607513371701 0.012286607513371701 0.012286607513371701 0.024573215026743402 0.012286607513371701 0.012286607513371701 0.012286607513371701 0.012286607513371701 0.0 0.0 0.0 0.0 0.0 0.0 0.0 0.0 0.0 -0.0041562160617454932 -0.0041562160617454932 -0.017168761661227817 -0.025481193784718803 -0.029637409846464298 -0.025481193784718803 -0.025481193784718803 -0.01246864818523648 -0.0041562160617454932 -0.0082213372180209073 -0.02466401165406272 -0.02466401165406272 -0.02466401165406272 -0.041106686090104538 -0.032885348872083629 -0.016442674436041815 -0.016442674436041815 -0.016442674436041815 0.0 0.0 0.0 0.0 0.0 0.0 0.0 0.0 0.0 0.0 0.0 0.0 0.0 
0.0 0.012286607513371701 0.036859822540115106 0.036859822540115106 0.036859822540115106 0.049146430053486803 0.036859822540115106 0.012286607513371701 0.012286607513371701 0.012286607513371701 0.0 0.0 0.0 0.0 0.0 0.0 0.0 0.0 0.0 -0.0041562160617454932 -0.0041562160617454932 -0.017168761661227817 -0.043193852860192464 -0.047350068921937959 -0.043193852860192464 -0.043193852860192464 -0.030181307260710138 -0.0041562160617454932 -0.0082213372180209073 -0.02466401165406272 -0.02466401165406272 -0.02466401165406272 -0.02466401165406272 -0.016442674436041815 0.0 0.0 0.0 0.0 0.0 0.0 0.0 0.0 0.0 0.0 0.0 0.0 0.0 0.0 0.0 0.0 
0.0 0.012286607513371701 0.036859822540115106 0.049146430053486803 0.049146430053486803 0.0614330375668585 0.049146430053486803 0.024573215026743402 0.012286607513371701 0.012286607513371701 0.0 0.0 0.0 0.0 0.0 0.0 0.0 0.0 0.0 -0.0041562160617454932 -0.0041562160617454932 -0.017168761661227817 -0.043193852860192464 -0.056206398459674789 -0.052050182397929294 -0.052050182397929294 -0.039037636798446969 -0.013012545599482324 0.0 -0.016442674436041815 -0.016442674436041815 -0.016442674436041815 -0.016442674436041815 -0.016442674436041815 0.0 0.0 0.0 0.0 0.0 0.0 0.0 0.0 0.0 0.0 0.0 0.0 0.0 0.0 0.0 0.0 
0.0 0.012286607513371701 0.036859822540115106 0.049146430053486803 0.073719645080230198 0.086006252593601895 0.073719645080230198 0.049146430053486803 0.036859822540115106 0.017653463064303231 0.0053668555509315307 0.0053668555509315307 0.0053668555509315307 0.0053668555509315307 0.0 0.0 0.0 0.0 0.0 -0.013012545599482324 -0.013012545599482324 -0.026025091198964647 -0.052050182397929294 -0.065062727997411612 -0.065062727997411612 -0.065062727997411612 -0.052050182397929294 -0.026025091198964647 -0.013012545599482324 0.0 0.0 0.0 0.0 0.0 0.0 0.0 0.0 0.0 0.0 0.0 0.0 0.0 0.0 0.0 0.0 0.0 0.0 0.0 0.0 0.0 
0.0 0.012286607513371701 0.036859822540115106 0.049146430053486803 0.073719645080230198 0.096739963695464948 0.08445335618209325 0.059880141155349856 0.047593533641978158 0.02838717416616629 0.0053668555509315307 0.0053668555509315307 0.0053668555509315307 0.0053668555509315307 0.0 0.0 0.0 0.0 0.0 -0.013012545599482324 -0.039037636798446969 -0.052050182397929294 -0.078075273596893938 -0.091087819196376263 -0.091087819196376263 -0.065062727997411612 -0.052050182397929294 -0.026025091198964647 -0.013012545599482324 0.0 -0.0063234204675215724 -0.0063234204675215724 -0.0063234204675215724 -0.0063234204675215724 -0.0063234204675215724 0.0 0.0 0.0 0.0 0.0 0.0 0.0 0.0 0.0 0.0 0.0 0.0 0.0 0.0 0.0 
0.0 0.0 0.024573215026743402 0.036859822540115106 0.0614330375668585 0.08445335618209325 0.089820211733024777 0.065246996706281382 0.052960389192909692 0.033754029717097823 0.010733711101863061 0.0053668555509315307 0.0053668555509315307 0.0053668555509315307 0.0 0.0 0.0 0.0 0.0 -0.013012545599482324 -0.039037636798446969 -0.039037636798446969 -0.065062727997411612 -0.078075273596893938 -0.078075273596893938 -0.052050182397929294 -0.052050182397929294 -0.026025091198964647 -0.013012545599482324 0.0 -0.0063234204675215724 -0.012646840935043145 -0.012646840935043145 -0.012646840935043145 -0.012646840935043145 -0.0063234204675215724 0.0 0.0 0.0 0.0 0.0 0.0 0.0 0.0 0.0 0.0 0.0 0.0 0.0 0.0 
0.0 0.0 0.0 0.012286607513371701 0.036859822540115106 0.059880141155349856 0.065246996706281382 0.075980707808144435 0.063694100294772751 0.04448774081896089 0.021467422203726123 0.016100566652794593 0.0053668555509315307 0.0053668555509315307 0.0 0.0 0.0 0.0 0.0 -0.013012545599482324 -0.039037636798446969 -0.039037636798446969 -0.039037636798446969 -0.052050182397929294 -0.052050182397929294 -0.026025091198964647 -0.026025091198964647 -0.026025091198964647 -0.013012545599482324 0.0 -0.0063234204675215724 -0.012646840935043145 -0.02529368187008629 -0.02529368187008629 -0.02529368187008629 -0.018970261402564716 -0.012646840935043145 0.0 0.0 0.0 0.0 0.0 0.0 0.0 0.0 0.0 0.0 0.0 0.0 0.0 
0.0 0.0 0.0 0.0 0.024573215026743402 0.047593533641978158 0.052960389192909692 0.063694100294772751 0.069060955845704278 0.049854596369892423 0.026834277754657652 0.021467422203726123 0.010733711101863061 0.0053668555509315307 0.0 0.0 0.0 0.0 0.0 -0.013012545599482324 -0.039037636798446969 -0.039037636798446969 -0.039037636798446969 -0.039037636798446969 -0.039037636798446969 -0.013012545599482324 -0.013012545599482324 -0.013012545599482324 -0.013012545599482324 0.0 -0.0063234204675215724 -0.012646840935043145 -0.02529368187008629 -0.031617102337607859 -0.031617102337607859 -0.02529368187008629 -0.018970261402564716 -0.0063234204675215724 0.0 0.0 0.0 0.0 0.0 0.0 0.0 0.0 0.0 0.0 0.0 0.0 
0.0 0.0 0.0 0.0 0.0 0.02302031861523476 0.02838717416616629 0.039120885268029357 0.04448774081896089 0.049854596369892423 0.026834277754657652 0.021467422203726123 0.010733711101863061 0.0053668555509315307 0.0 0.0 0.0 0.0 0.0 0.0 -0.026025091198964647 -0.026025091198964647 -0.026025091198964647 -0.026025091198964647 -0.026025091198964647 0.0 0.0 0.0 0.0 0.0 -0.0063234204675215724 -0.012646840935043145 -0.02529368187008629 -0.031617102337607859 -0.044263943272651006 -0.037940522805129433 -0.031617102337607859 -0.018970261402564716 -0.012646840935043145 0.0073642606508750874 0.0073642606508750874 0.0073642606508750874 0.0073642606508750874 0.0073642606508750874 0.0 0.0 0.0 0.0 0.0 0.0 
0.0 0.0 0.0 0.0 0.0 0.0 0.0053668555509315307 0.016100566652794593 0.021467422203726123 0.026834277754657652 0.026834277754657652 0.021467422203726123 0.010733711101863061 0.0053668555509315307 0.0 0.0 0.0 0.0 0.0 0.0 0.0 0.0 0.0 0.0 0.0 0.0 0.0 0.0 0.0 0.0 -0.0063234204675215724 -0.012646840935043145 -0.02529368187008629 -0.031617102337607859 -0.044263943272651006 -0.037940522805129433 -0.031617102337607859 -0.018970261402564716 -0.012646840935043145 0.0073642606508750874 0.014728521301750175 0.014728521301750175 0.014728521301750175 0.014728521301750175 0.0073642606508750874 0.0 0.0 0.0 0.0 0.0 
0.0 0.0 0.0 0.0 0.0 0.0 0.0 0.010733711101863061 0.016100566652794593 0.021467422203726123 0.021467422203726123 0.021467422203726123 0.010733711101863061 0.0053668555509315307 0.0 0.0 0.0 0.0 0.0 0.0 0.0 0.0 0.0 0.0 0.0 0.0 0.0 0.0 0.0 0.0 -0.0063234204675215724 -0.0063234204675215724 -0.018970261402564716 -0.02529368187008629 -0.037940522805129433 -0.031617102337607859 -0.031617102337607859 -0.018970261402564716 -0.012646840935043145 0.0073642606508750874 0.014728521301750175 0.018410651627187719 0.018410651627187719 0.018410651627187719 0.011046390976312631 0.0036821303254375437 0.0 0.0 0.0 0.0 
0.0 0.0 0.0 0.0 0.0 0.0 0.0 0.0 0.0053668555509315307 0.010733711101863061 0.010733711101863061 0.010733711101863061 0.010733711101863061 0.0053668555509315307 0.0 0.0 0.0 0.0 0.0 0.0 0.0 0.0 0.0 0.0 0.0 0.0 0.0 0.0 0.0 0.0 -0.0063234204675215724 -0.0063234204675215724 -0.0063234204675215724 -0.012646840935043145 -0.02529368187008629 -0.018970261402564716 -0.018970261402564716 -0.015288131077127173 -0.0089647106096056011 0.011046390976312631 0.018410651627187719 0.022092781952625262 0.022092781952625262 0.022092781952625262 0.014728521301750175 0.0073642606508750874 0.0036821303254375437 0.0 0.0 0.0 
0.0080470792727930698 0.0080470792727930698 0.0080470792727930698 0.0 0.0 0.0 0.0 0.0 0.0 0.0053668555509315307 0.0053668555509315307 0.0053668555509315307 0.0053668555509315307 0.0053668555509315307 0.0 0.0 0.0 0.0 0.0 0.0 0.0 0.0 0.0 0.0 0.0 0.0 0.0 0.0 0.0 0.0 -0.0063234204675215724 -0.0063234204675215724 -0.0063234204675215724 -0.0063234204675215724 -0.018970261402564716 -0.012646840935043145 -0.012646840935043145 -0.0089647106096056011 -0.0052825802841680574 0.014728521301750175 0.022092781952625262 0.025774912278062806 0.025774912278062806 0.022092781952625262 0.014728521301750175 0.0073642606508750874 0.0036821303254375437 0.0 0.0 0.0 
0.024141237818379208 0.024141237818379208 0.024141237818379208 0.01609415854558614 0.0 0.0 0.0 0.0 0.0 0.0 0.0 0.0 0.0 0.0 0.0 0.0 0.0 0.0 0.0 0.0 0.0 0.0 0.0 0.0 0.0 0.0 0.0 0.0 0.0 0.0 -0.0063234204675215724 -0.0063234204675215724 -0.0063234204675215724 -0.0063234204675215724 -0.0063234204675215724 0.0 0.0 0.0036821303254375437 0.0073642606508750874 0.0073642606508750874 0.014728521301750175 0.018410651627187719 0.018410651627187719 0.014728521301750175 0.014728521301750175 0.0073642606508750874 0.0036821303254375437 0.0 0.0 0.0 
0.045157212497324482 0.045157212497324482 0.045157212497324482 0.037110133224531411 0.021015974678945268 0.0049218161333591266 0.0049218161333591266 0.0049218161333591266 0.0049218161333591266 0.0049218161333591266 0.0 0.0 0.0 0.0 0.0 0.0 0.0 0.0 0.0 0.0 0.0 0.0 0.0 0.0 0.0 0.0 0.0 0.0 0.0 0.0 0.0 0.0 0.0 0.0 0.0 0.0 0.0 0.0036821303254375437 0.0073642606508750874 0.0073642606508750874 0.0073642606508750874 0.011046390976312631 0.011046390976312631 0.0073642606508750874 0.0073642606508750874 0.0073642606508750874 0.0036821303254375437 0.0 0.0 0.0 
0.053204291770117554 0.050079028630683607 0.050079028630683607 0.042031949357890536 0.025937790812304393 0.0098436322667182531 0.0049218161333591266 0.0049218161333591266 0.0049218161333591266 0.0049218161333591266 0.0 0.0 0.0 0.0 0.0 0.0 0.0 0.0 0.0 0.0 0.0 0.0 0.0 0.0 0.0 0.0 0.0 0.0 0.0 0.0 0.0 0.0 0.0 0.0 0.0 0.0 0.0 0.0036821303254375437 0.0073642606508750874 0.0073642606508750874 0.0073642606508750874 0.0073642606508750874 0.0073642606508750874 0.0036821303254375437 0.0036821303254375437 0.0036821303254375437 0.0036821303254375437 0.0 0.0 0.0 
0.069298450315703697 0.066173187176269757 0.059922660897401857 0.051875581624608785 0.035781423079022642 0.019687264533436506 0.01476544840007738 0.0049218161333591266 0.0049218161333591266 0.0049218161333591266 0.0 0.0 0.0 0.0 0.0 0.0 0.0 0.0 0.0 0.0 0.0 0.0 0.0 0.0 0.0 0.0 0.0 0.0 0.0 0.0 0.0 0.0 0.0 0.0 0.0 0.0 0.0 0.0 0.0036821303254375437 0.0036821303254375437 0.0036821303254375437 0.0036821303254375437 0.0036821303254375437 0.0 0.0 0.0 0.0 0.0 0.0 0.0 
0.061251371042910625 0.058126107903476679 0.051875581624608785 0.05679739775796791 0.040703239212381767 0.024609080666795631 0.019687264533436506 0.0098436322667182531 0.0049218161333591266 0.0049218161333591266 0.0 0.0 0.0 0.0 0.0 0.0 0.0 0.0 0.0 0.0 0.0 0.0 0.0 0.0 0.0 0.0 0.0 0.0 0.0 0.0 0.0 0.0 0.0 0.0 0.0 0.0 0.0 0.0 0.0 0.0 0.0 0.0 0.0 0.0 0.0 0.0 0.0 0.0 0.0 0.0 
0.045157212497324482 0.042031949357890536 0.035781423079022642 0.040703239212381767 0.050546871479100017 0.034452712933513881 0.029530896800154756 0.019687264533436506 0.01476544840007738 0.0049218161333591266 0.0 0.0 0.0 0.0 0.0 0.0 0.0 0.0 0.0 0.0 0.0 0.0 0.0 0.0 0.0 0.0 0.0 0.0 0.0 0.0 0.0 0.0 0.0 0.0 0.0 0.0 0.0 0.0 0.0 0.0 0.0 0.0 0.0 0.0 0.0 0.0 0.0 0.0 0.0 0.0 
